 991.70  991.70  991.70  -0.6 5.0 202301080700
 991.69  991.69  991.69  -0.6 5.0 202301080701
 991.69  991.69  991.69  -0.6 5.0 202301080702
 991.70  991.70  991.70  -0.6 5.0 202301080703
 991.70  991.70  991.70  -0.6 5.0 202301080704
 991.71  991.71  991.71  -0.6 5.0 202301080705
 991.72  991.72  991.72  -0.6 5.0 202301080706
 991.74  991.74  991.74  -0.6 5.0 202301080707
 991.73  991.73  991.73  -0.5 5.0 202301080708
 991.75  991.75  991.75  -0.5 5.0 202301080709
 991.74  991.74  991.74  -0.5 5.0 202301080710
 991.75  991.75  991.75  -0.5 5.0 202301080711
 991.76  991.76  991.76  -0.5 5.0 202301080712
 991.75  991.75  991.75  -0.4 5.0 202301080713
 991.73  991.73  991.73  -0.4 5.0 202301080714
 991.74  991.74  991.74  -0.4 5.0 202301080715
 991.73  991.73  991.73  -0.4 5.0 202301080716
 991.73  991.73  991.73  -0.4 5.0 202301080717
 991.75  991.75  991.75  -0.4 5.0 202301080718
 991.74  991.74  991.74  -0.4 5.0 202301080719
 991.75  991.75  991.75  -0.3 5.0 202301080720
 991.74  991.74  991.74  -0.3 5.0 202301080721
 991.75  991.75  991.75  -0.3 5.0 202301080722
 991.78  991.78  991.78  -0.3 5.0 202301080723
 991.80  991.80  991.80  -0.3 5.0 202301080724
 991.81  991.81  991.81  -0.2 5.0 202301080725
 991.83  991.83  991.83  -0.2 5.0 202301080726
 991.83  991.83  991.83  -0.2 5.0 202301080727
 991.85  991.85  991.85  -0.2 5.0 202301080728
 991.86  991.86  991.86  -0.1 5.0 202301080729
 991.87  991.87  991.87  -0.1 5.0 202301080730
 991.88  991.88  991.88  -0.1 5.0 202301080731
 991.88  991.88  991.88  -0.1 5.0 202301080732
 991.87  991.87  991.87  -0.1 5.0 202301080733
 991.86  991.86  991.86  -0.1 5.0 202301080734
 991.86  991.86  991.86  -0.2 5.0 202301080735
 991.87  991.87  991.87  -0.2 5.0 202301080736
 991.87  991.87  991.87  -0.2 5.0 202301080737
 991.89  991.89  991.89  -0.2 5.0 202301080738
 991.89  991.89  991.89  -0.2 5.0 202301080739
 991.89  991.89  991.89  -0.1 5.0 202301080740
 991.87  991.87  991.87  -0.0 5.0 202301080741
 991.94  991.94  991.94  -0.0 5.0 202301080742
 991.91  991.91  991.91  -0.0 5.0 202301080743
 991.92  991.92  991.92  -0.0 5.0 202301080744
 991.88  991.88  991.88  -0.0 5.0 202301080745
 991.88  991.88  991.88  -0.0 5.0 202301080746
 991.87  991.87  991.87   0.0 5.0 202301080747
 991.88  991.88  991.88   0.0 5.0 202301080748
 991.88  991.88  991.88   0.1 5.0 202301080749
 991.88  991.88  991.88   0.1 5.0 202301080750
 991.89  991.89  991.89   0.1 5.0 202301080751
 991.90  991.90  991.90   0.1 5.0 202301080752
 991.91  991.91  991.91   0.2 2.0 202301080753
 991.90  991.90  991.90   0.2 2.0 202301080754
 991.91  991.91  991.91   0.3 2.0 202301080755
 991.91  991.91  991.91   0.4 2.0 202301080756
 991.92  991.92  991.92   0.4 2.0 202301080757
 991.94  991.94  991.94   0.4 2.0 202301080758
 991.94  991.94  991.94   0.2 2.0 202301080759
